1233at3041	0	114.186908181	376
12295at3041	0	74.6495303465	240
4665at3041	0	32.1262390904	153
4984at3041	0	28.2151702694	202
7802at3041	0	59.4278273763	268
2395at3041	0	29.7	297.0
796at3041	0	375.913591895	1200
2971at3041	0	29.5707484969	239
11750at3041	0	21.3891383205	83
6629at3041	0	16.3	163.0
9134at3041	0	189.385044917	442
5130at3041	0	17.2	172.0
3069at3041	0	37.0	370.0
1597at3041	0	32.2	322.0
4951at3041	0	103.361225114	390
9279at3041	0	75.5379595524	205
7903at3041	0	12.6	126.0
9631at3041	0	9.65253482622	83
1742at3041	0	73.4787951271	355
779at3041	0	137.050781343	408
322at3041	0	161.771842935	741
3371at3041	0	21.7	217.0
228at3041	0	599.841367919	1317
4583at3041	0	39.078745523	212
3012at3041	0	28.1259073928	261
495at3041	0	233.462407752	608
7856at3041	0	21.0538990847	202
7268at3041	0	53.1258165203	208
1997at3041	0	60.5493169261	295
11957at3041	0	37.5579552159	149
7107at3041	0	33.4259754283	171
1341at3041	0	63.9540199414	315
3133at3041	0	57.1824148793	241
6628at3041	0	29.0926680339	154
1955at3041	0	29.6489881784	289
3583at3041	0	27.0	270.0
3911at3041	0	67.5029628979	216
957at3041	0	127.661466387	377
2878at3041	0	51.4564256071	241
9376at3041	0	14.4	144.0
948at3041	0	96.2479220555	377
8939at3041	0	34.7070154735	256
3558at3041	0	80.3771672242	336
6861at3041	0	33.4369342409	223
7789at3041	0	39.0571010555	164
1108at3041	0	32.6	326.0
251at3041	0	143.619810611	595
1740at3041	0	35.0	350.0
11378at3041	0	16.4664160382	160
5929at3041	0	19.6	196.0
5319at3041	0	35.0	350.0
12380at3041	0	6.5	65.0
1305at3041	0	109.398354649	507
4608at3041	0	33.6461364795	172
7303at3041	0	8.8	88.0
3198at3041	0	56.7163367747	335
5911at3041	0	19.1	191.0
1990at3041	0	86.8980245268	282
7678at3041	0	39.5670618185	201
1503at3041	0	108.130303338	357
4431at3041	0	64.4963638695	330
5550at3041	0	24.8865557951	151
1669at3041	0	97.5191434198	414
7545at3041	0	13.4486678399	116
6319at3041	0	24.2142347942	185
1278at3041	0	33.9	339.0
1643at3041	0	99.776729919	384
8348at3041	0	26.2	262.0
11227at3041	0	93.2153656626	208
11103at3041	0	67.8069388218	344
4872at3041	0	25.2639400464	173
4317at3041	0	22.2	222.0
425at3041	0	182.950949711	627
911at3041	0	60.7760917905	347
4933at3041	0	64.8769333702	309
8455at3041	0	43.8238424453	218
6302at3041	0	66.3588314054	262
8327at3041	0	12.0	120.0
290at3041	0	210.238118967	678
10539at3041	0	14.2	142.0
4047at3041	0	24.9	249.0
5343at3041	0	69.8297930686	368
3391at3041	0	49.2869150992	273
1715at3041	0	37.2987935462	316
2903at3041	0	60.6132205051	243
7143at3041	0	50.1143691969	256
4140at3041	0	41.2698437118	203
6105at3041	0	75.9268444905	270
5886at3041	0	25.8	258.0
2044at3041	0	42.7143613632	310
7013at3041	0	17.8517706205	149
5472at3041	0	67.4944133491	280
7189at3041	0	24.3	243.0
8157at3041	0	74.0567350077	240
1891at3041	0	97.7712100969	428
4808at3041	0	52.4181902269	278
11068at3041	0	50.6989245683	210
1235at3041	0	182.653849046	641
2699at3041	0	26.1	261.0
1937at3041	0	27.2	272.0
3446at3041	0	18.5	185.0
5123at3041	0	36.8129845752	239
9604at3041	0	26.3722437061	96
8539at3041	0	9.8	98.0
3483at3041	0	16.5	165.0
918at3041	0	150.825948254	371
1862at3041	0	29.3	293.0
7118at3041	0	134.676260856	589
2403at3041	0	84.2595414756	258
5035at3041	0	25.9	259.0
5635at3041	0	29.7812660833	168
7498at3041	0	22.3	223.0
8259at3041	0	46.1808040929	178
2269at3041	0	105.643064812	616
5677at3041	0	39.3359462409	188
11780at3041	0	5.9	59.0
2598at3041	0	28.8	288.0
6348at3041	0	13.5	135.0
2139at3041	0	34.1	341.0
9237at3041	0	30.39611504	148
10500at3041	0	22.7853095145	164
4927at3041	0	21.4990586726	205
3208at3041	0	29.5803060413	264
8754at3041	0	48.2388744789	176
6002at3041	0	24.6340840146	175
13024at3041	0	4.17804307733	41
11417at3041	0	28.7819578712	93
7047at3041	0	23.3272908843	193
4609at3041	0	56.4608640269	312
1343at3041	0	43.0308476114	343
3315at3041	0	111.219291354	375
6602at3041	0	14.8	148.0
1490at3041	0	96.1547859295	358
7570at3041	0	14.1	141.0
1047at3041	0	31.5	315.0
7914at3041	0	19.6376703109	161
9379at3041	0	39.899117289	196
3954at3041	0	75.1635716288	351
11515at3041	0	20.1989067361	95
2984at3041	0	63.2600076781	341
11939at3041	0	37.269732586	141
7167at3041	0	21.5555760105	158
6940at3041	0	16.4	164.0
1282at3041	0	31.1	311.0
4405at3041	0	27.9731269853	227
5982at3041	0	25.5961422875	134
3355at3041	0	180.335693916	445
1593at3041	0	66.1901301807	333
1927at3041	0	24.9	249.0
2073at3041	0	73.0056790028	317
155at3041	0	127.980841665	550
5645at3041	0	34.2168939755	185
1512at3041	0	51.746819548	289
5554at3041	0	20.1	201.0
6183at3041	0	44.1755364651	187
7021at3041	0	24.4	244.0
5934at3041	0	28.0427501029	192
8632at3041	0	60.4315978771	236
4351at3041	0	42.5064313169	402
3717at3041	0	47.5	475.0
5424at3041	0	87.9296830807	319
10076at3041	0	33.0165993605	176
8868at3041	0	7.9	79.0
4544at3041	0	20.9	209.0
10122at3041	0	58.3683347373	182
3352at3041	0	51.6577919827	286
7067at3041	0	42.4055322649	214
2461at3041	0	64.8370739149	274
3297at3041	0	98.6748740523	422
3137at3041	0	44.2488591769	281
439at3041	0	278.868181225	846
6290at3041	0	17.7017620861	161
5531at3041	0	16.4	164.0
9211at3041	0	26.4706486149	146
5594at3041	0	19.7567499014	152
1864at3041	0	116.455409922	362
256at3041	0	230.198320295	994
424at3041	0	346.240421047	703
1537at3041	0	37.3041552645	351
3540at3041	0	44.0659678642	288
731at3041	0	53.2995130863	526
8364at3041	0	47.2462646546	306
11022at3041	0	59.4557058017	201
965at3041	0	186.68032263	505
2455at3041	0	21.8	218.0
6489at3041	0	30.167311227	242
1670at3041	0	32.4	324.0
8947at3041	0	13.7	137.0
6445at3041	0	18.3	183.0
4288at3041	0	24.2	242.0
1966at3041	0	55.9511691865	276
4057at3041	0	62.5241286758	303
5415at3041	0	39.3308615043	323
9478at3041	0	19.3348932047	113
10857at3041	0	6.8	68.0
4884at3041	0	102.387316109	321
2555at3041	0	87.7266859546	465
2869at3041	0	37.9952377968	236
5923at3041	0	15.9	159.0
7388at3041	0	35.1974786029	216
10808at3041	0	9.0	90.0
8926at3041	0	12.3	123.0
4670at3041	0	18.1	181.0
7998at3041	0	52.5034797382	316
6192at3041	0	16.0	160.0
8296at3041	0	26.0978128075	126
4348at3041	0	38.6689244004	268
2497at3041	0	76.026185965	351
2773at3041	0	31.8	318.0
3591at3041	0	69.5365611267	237
2876at3041	0	77.7372299679	294
803at3041	0	86.4301534684	372
12313at3041	0	6.54071497475	57
3614at3041	0	26.6820788795	202
9319at3041	0	15.1773640976	113
8438at3041	0	20.0628180141	184
1594at3041	0	35.5	355.0
2531at3041	0	60.7557169562	349
12232at3041	0	12.2676500641	79
3493at3041	0	59.720962874	233
1728at3041	0	39.0644156673	385
3079at3041	0	49.8408455999	313
7366at3041	0	19.8343137013	114
7062at3041	0	18.5	185.0
4630at3041	0	51.3835252456	202
7434at3041	0	10.5	105.0
11502at3041	0	16.7221160942	148
4086at3041	0	21.4148507661	176
2014at3041	0	53.6404309578	393
3559at3041	0	20.4	204.0
7868at3041	0	116.820048834	383
2124at3041	0	65.4612207996	266
11317at3041	0	43.495545749	198
7184at3041	0	26.4922270721	183
1826at3041	0	69.8626032533	273
4904at3041	0	32.0148774939	288
784at3041	0	64.2911532091	331
5279at3041	0	15.0	150.0
593at3041	0	51.9126555815	353
4718at3041	0	111.961879673	313
8001at3041	0	13.1	131.0
8274at3041	0	44.6187087068	166
1553at3041	0	91.1064265153	304
1327at3041	0	113.727619462	377
697at3041	0	125.633745846	584
4840at3041	0	31.0343895273	176
1265at3041	0	203.037270799	573
3806at3041	0	59.2679950572	272
1700at3041	0	69.174520495	348
4690at3041	0	28.4174661248	223
12455at3041	0	23.5088635767	137
9467at3041	0	16.254838671	130
2251at3041	0	28.9	289.0
5044at3041	0	91.6813321602	290
733at3041	0	50.3646701568	379
2851at3041	0	25.4557622815	247
1093at3041	0	74.596055047	343
2831at3041	0	55.7324850523	380
8781at3041	0	30.1412547532	228
7691at3041	0	21.0898305441	177
11894at3041	0	13.5656725793	73
5849at3041	0	52.4251847875	227
2159at3041	0	46.8977611406	249
9487at3041	0	10.9	109.0
6334at3041	0	15.0	150.0
4879at3041	0	22.3	223.0
3587at3041	0	40.7163870674	213
8989at3041	0	21.0484788414	178
6009at3041	0	58.1078793368	311
4292at3041	0	29.8115609566	234
5735at3041	0	25.4947240107	171
1961at3041	0	117.325757331	421
10198at3041	0	13.5899122251	112
5528at3041	0	59.9038117875	219
5409at3041	0	18.6	186.0
5398at3041	0	25.4247435074	196
3646at3041	0	26.8674989532	235
6733at3041	0	50.9900317056	179
1722at3041	0	34.1	341.0
8629at3041	0	39.4391937037	170
3895at3041	0	49.3097409185	202
6799at3041	0	24.7901670215	119
5474at3041	0	34.1037632332	215
5825at3041	0	32.9888870177	275
7205at3041	0	35.0709484983	131
1280at3041	0	134.288495412	417
1056at3041	0	108.014948811	379
9347at3041	0	12.2	122.0
8895at3041	0	40.3287679431	159
4155at3041	0	31.4821188855	133
10037at3041	0	12.9597856447	65
8778at3041	0	10.0	100.0
3417at3041	0	103.622391403	339
5103at3041	0	30.2886117212	186
2231at3041	0	89.897454808	375
6423at3041	0	21.7	217.0
8662at3041	0	51.1917555211	205
10545at3041	0	20.9689112282	96
676at3041	0	130.096822918	731
7308at3041	0	27.7557372876	203
7276at3041	0	10.7	107.0
6673at3041	0	13.7	137.0
4327at3041	0	43.6832379148	189
11795at3041	0	7.28275095952	62
1622at3041	0	32.0958386266	292
2327at3041	0	193.487941054	588
4754at3041	0	24.5	245.0
3554at3041	0	16.6	166.0
9184at3041	0	11.5	115.0
5327at3041	0	13.0544085434	128
4202at3041	0	33.9	339.0
6453at3041	0	39.5996447981	254
5802at3041	0	23.4	234.0
6145at3041	0	18.2383687658	140
4289at3041	0	19.3	193.0
2639at3041	0	34.5228702664	265
12555at3041	0	17.9971062489	79
7468at3041	0	31.5379589882	155
9135at3041	0	20.5210693122	157
11392at3041	0	12.0	120.0
9668at3041	0	11.2	112.0
581at3041	0	41.5	415.0
4530at3041	0	44.4483278218	182
1683at3041	0	30.678983034	297
6774at3041	0	12.6	126.0
5444at3041	0	72.1775588393	224
2988at3041	0	22.3	223.0
5589at3041	0	20.7	207.0
8618at3041	0	13.2	132.0
6403at3041	0	72.7165403336	222
7237at3041	0	42.5015685985	174
96at3041	0	250.997003634	807
2110at3041	0	29.2	292.0
6718at3041	0	14.1	141.0
7633at3041	0	48.5358973682	200
2261at3041	0	228.612543921	463
9088at3041	0	12.138094304	76
3760at3041	0	74.9299394991	319
2152at3041	0	66.3114584654	343
10412at3041	0	11.8764472802	68
7579at3041	0	20.430665381	141
8069at3041	0	10.5	105.0
5737at3041	0	22.0025972493	199
8619at3041	0	19.0383072477	115
12521at3041	0	18.2704549426	137
5900at3041	0	17.4	174.0
3434at3041	0	19.1	191.0
1201at3041	0	125.02931323	463
5163at3041	0	25.3	253.0
7794at3041	0	13.1	131.0
510at3041	0	62.4713267561	435
7631at3041	0	11.5	115.0
5590at3041	0	51.7243610285	246
3946at3041	0	71.9858044614	282
6003at3041	0	38.8629536534	154
5142at3041	0	24.240666041	221
1379at3041	0	63.2579046444	363
4990at3041	0	144.503418974	343
5145at3041	0	21.4	214.0
2743at3041	0	22.9	229.0
294at3041	0	65.3513580578	514
9982at3041	0	17.204096965	106
1878at3041	0	214.507721306	458
2043at3041	0	28.1	281.0
10061at3041	0	16.5597486311	79
7548at3041	0	12.9	129.0
3232at3041	0	98.6177806821	326
1005at3041	0	141.195339192	413
4797at3041	0	35.478573346	207
4751at3041	0	41.8517136336	292
7494at3041	0	36.2654564749	183
11481at3041	0	27.3709760453	157
4563at3041	0	27.5919242844	228
5108at3041	0	57.3881520873	326
6583at3041	0	14.6	146.0
6651at3041	0	12.4143217541	107
1883at3041	0	34.4	344.0
2499at3041	0	77.4315058309	275
2837at3041	0	33.8	338.0
5262at3041	0	19.7879382453	187
5962at3041	0	17.4	174.0
1240at3041	0	174.371812994	534
9860at3041	0	36.0180052654	250
9624at3041	0	82.6870174643	435
363at3041	0	206.509079704	578
4403at3041	0	35.4013720477	267
72at3041	0	245.932975771	941
6357at3041	0	61.9744186857	267
7700at3041	0	51.4427096968	186
336at3041	0	73.1608957481	582
7462at3041	0	15.2	152.0
8145at3041	0	9.21851139724	70
3499at3041	0	113.075779317	538
4759at3041	0	18.9	189.0
6986at3041	0	48.7106279443	249
1248at3041	0	57.1832476301	391
1504at3041	0	49.92483361	401
5568at3041	0	21.2411584709	174
6187at3041	0	60.3534036599	217
239at3041	0	136.286570016	598
3456at3041	0	24.3	243.0
10642at3041	0	65.2796183462	246
2282at3041	0	26.3	263.0
7742at3041	0	12.5	125.0
45at3041	0	482.937797927	1358
4231at3041	0	31.9561548584	219
9229at3041	0	62.3373047255	196
7663at3041	0	114.378884269	289
1666at3041	0	80.3251724762	296
15at3041	0	447.450849256	1846
505at3041	0	52.4	524.0
10056at3041	0	48.8639510712	156
5503at3041	0	26.1607211929	156
5946at3041	0	73.1544354675	239
1514at3041	0	38.3248722546	279
4624at3041	0	148.509092481	423
9403at3041	0	73.5176214206	499
391at3041	0	172.359618517	542
11078at3041	0	13.3010024685	98
4943at3041	0	53.331577352	253
5520at3041	0	17.7782638822	173
8047at3041	0	39.4319555802	156
2802at3041	0	30.4	304.0
5064at3041	0	146.90852353	502
7859at3041	0	81.7543940861	264
3202at3041	0	54.3509758094	373
9493at3041	0	18.6777178172	163
10201at3041	0	37.5603958091	178
8301at3041	0	23.8	238.0
6802at3041	0	38.3548593805	208
4458at3041	0	27.8861631502	236
3977at3041	0	52.4696737808	253
12131at3041	0	7.6	76.0
5561at3041	0	19.5	195.0
10033at3041	0	24.4828937814	166
6704at3041	0	134.394231736	483
8574at3041	0	9.9	99.0
1727at3041	0	203.481929992	569
2523at3041	0	33.2355231642	225
8061at3041	0	12.2	122.0
3588at3041	0	32.5719076301	229
9613at3041	0	7.80598061318	74
4439at3041	0	20.8	208.0
1320at3041	0	35.1	351.0
5738at3041	0	103.818431247	368
9600at3041	0	42.1813544907	149
5634at3041	0	27.2597841762	127
5659at3041	0	22.1	221.0
6870at3041	0	17.2	172.0
6097at3041	0	58.8279624555	259
4203at3041	0	45.3526919451	234
820at3041	0	113.377228019	433
4419at3041	0	21.1	211.0
2720at3041	0	28.0402771537	243
1057at3041	0	99.1772613388	358
10699at3041	0	23.1777808215	107
12560at3041	0	20.0221031709	145
9943at3041	0	28.3541186418	175
4423at3041	0	22.3	223.0
6987at3041	0	16.0617854668	122
3644at3041	0	54.3752394631	287
943at3041	0	81.6087975241	471
6268at3041	0	73.90170837	231
106at3041	0	200.088803202	945
2397at3041	0	37.8	378.0
171at3041	0	65.7	657.0
4546at3041	0	153.369705831	474
2820at3041	0	57.9591810386	345
6571at3041	0	85.1529974049	312
2257at3041	0	76.1248700054	335
9588at3041	0	12.9479091613	79
2728at3041	0	28.4112653713	257
1518at3041	0	34.2	342.0
6962at3041	0	17.7299853624	143
5905at3041	0	19.5	195.0
6577at3041	0	37.4932374855	164
4993at3041	0	51.3954845617	207
11258at3041	0	12.1	121.0
5657at3041	0	26.2398070215	161
2896at3041	0	46.9282126536	205
4835at3041	0	19.0	190.0
6738at3041	0	24.5803953047	170
3144at3041	0	33.1310529061	313
4381at3041	0	17.8246084576	109
2317at3041	0	26.3	263.0
2670at3041	0	41.122530321	275
8641at3041	0	21.8571117336	169
9632at3041	0	11.0	110.0
2581at3041	0	29.8	298.0
8106at3041	0	15.7	157.0
6623at3041	0	17.4771279105	135
4087at3041	0	36.0203646104	165
4975at3041	0	58.6378717213	279
7300at3041	0	25.6	256.0
4573at3041	0	27.1206409708	197
324at3041	0	184.754690964	533
3153at3041	0	50.0342799155	294
7999at3041	0	19.3026787414	135
5705at3041	0	32.0762484447	171
5563at3041	0	31.1692766923	197
11724at3041	0	81.916199474	361
11259at3041	0	10.5356537529	96
2941at3041	0	32.6432739371	302
5702at3041	0	18.0868276194	141
2871at3041	0	86.663937686	406
587at3041	0	185.056310606	640
5567at3041	0	46.6634548869	233
4129at3041	0	44.2845775584	231
6905at3041	0	58.0925748504	261
1817at3041	0	42.896664317	268
5818at3041	0	23.5	235.0
7007at3041	0	15.6076904121	120
8248at3041	0	13.7105077214	134
7011at3041	0	35.3793052235	218
5102at3041	0	32.6337631909	159
550at3041	0	139.810764965	419
7844at3041	0	45.7444245887	217
6455at3041	0	13.7	137.0
4693at3041	0	58.7101279242	307
2782at3041	0	45.5623068942	337
8558at3041	0	36.7605856773	194
4084at3041	0	31.0223038044	195
5073at3041	0	18.5758579883	168
1428at3041	0	59.6394374554	339
8595at3041	0	21.9004375908	188
2960at3041	0	189.421927629	571
1578at3041	0	117.90472344	412
969at3041	0	91.7641678434	419
781at3041	0	53.5834240538	466
7900at3041	0	11.5	115.0
9753at3041	0	83.904347685	261
4308at3041	0	17.0	170.0
4230at3041	0	22.1	221.0
7748at3041	0	61.6256169678	252
8787at3041	0	10.2	102.0
1763at3041	0	84.3670304878	286
12580at3041	0	38.5223877631	195
3556at3041	0	32.1060093025	291
9415at3041	0	28.8316955219	152
9152at3041	0	11.8192991896	82
10388at3041	0	8.8	88.0
2618at3041	0	280.226605713	556
1445at3041	0	205.525412633	807
11296at3041	0	18.5	185.0
5188at3041	0	19.8	198.0
8492at3041	0	40.7975435589	164
9687at3041	0	16.7	167.0
2228at3041	0	25.1050539984	251
11171at3041	0	13.5	135.0
2909at3041	0	32.1307225772	315
1815at3041	0	34.0215005548	255
1183at3041	0	126.330330408	463
2815at3041	0	87.0817896878	351
3022at3041	0	71.9680195179	250
4667at3041	0	18.7	187.0
1089at3041	0	37.5	375.0
5058at3041	0	16.8	168.0
7642at3041	0	25.9652813066	153
7646at3041	0	67.4144961096	238
4299at3041	0	19.9	199.0
3407at3041	0	40.6287489113	244
8849at3041	0	100.180982061	434
3418at3041	0	104.225168334	326
11669at3041	0	11.9801422998	79
10067at3041	0	17.6481172921	136
2553at3041	0	150.468411493	451
5080at3041	0	39.2028379075	210
5335at3041	0	21.4431696307	176
8623at3041	0	26.2700716913	196
4267at3041	0	65.1618863184	302
7040at3041	0	49.04924639	264
7101at3041	0	25.6563832213	139
12584at3041	0	726.559089056	1121
8869at3041	0	9.6	96.0
3562at3041	0	102.362707123	354
6397at3041	0	16.2975424561	144
3312at3041	0	36.9598317998	222
6721at3041	0	18.6350923439	121
3733at3041	0	35.4152240603	247
5426at3041	0	163.445491132	539
3034at3041	0	138.892704392	424
6381at3041	0	17.9	179.0
10301at3041	0	27.8772820975	162
7698at3041	0	50.0326560025	213
1805at3041	0	55.0149979551	274
11829at3041	0	8.7	87.0
6926at3041	0	18.6340861506	132
928at3041	0	163.71315107	489
2729at3041	0	114.758255227	377
440at3041	0	174.14208758	807
5292at3041	0	22.6	226.0
8004at3041	0	15.0	150.0
524at3041	0	64.2593702635	486
1391at3041	0	169.462766314	414
3337at3041	0	35.5	355.0
2298at3041	0	23.9	239.0
11023at3041	0	10.0	100.0
6837at3041	0	34.9036769792	168
66at3041	0	409.988856556	1208
8134at3041	0	73.6699276622	288
381at3041	0	161.233875163	494
4242at3041	0	31.3942669926	226
1303at3041	0	102.577430104	365
4217at3041	0	49.263680906	248
6005at3041	0	18.0458816951	148
10039at3041	0	9.9	99.0
8453at3041	0	11.9	119.0
629at3041	0	103.213971	421
6972at3041	0	13.5	135.0
2533at3041	0	179.065218233	650
1476at3041	0	37.3	373.0
11141at3041	0	8.33369962565	82
10065at3041	0	10.7	107.0
7089at3041	0	38.83076836	201
4127at3041	0	22.3	223.0
64at3041	0	791.307609804	1602
9283at3041	0	12.8	128.0
6517at3041	0	22.8880427298	191
4023at3041	0	29.0103429831	161
10184at3041	0	20.5928790281	105
4331at3041	0	47.4276391188	213
10768at3041	0	7.8	78.0
2580at3041	0	23.4	234.0
143at3041	0	239.220261126	690
3121at3041	0	26.271838988	251
4664at3041	0	25.6728502137	143
6562at3041	0	52.1515191762	393
7588at3041	0	15.4	154.0
10934at3041	0	12.1	121.0
8871at3041	0	13.3	133.0
4102at3041	0	63.4255209147	268
11038at3041	0	9.9	99.0
10253at3041	0	22.1752758076	145
1410at3041	0	163.709178845	395
2931at3041	0	246.044092061	516
3673at3041	0	98.229811327	421
7826at3041	0	20.6	206.0
1422at3041	0	102.670902819	394
7848at3041	0	17.4	174.0
2404at3041	0	76.9435785866	432
10667at3041	0	47.2789153147	235
9401at3041	0	13.6	136.0
4550at3041	0	23.6	236.0
8424at3041	0	52.865161257	187
7965at3041	0	49.4445396379	214
7539at3041	0	25.3247045262	122
10128at3041	0	58.1383817161	200
10100at3041	0	43.4969073887	197
2358at3041	0	60.4398953704	291
8289at3041	0	14.6	146.0
1247at3041	0	195.048530286	513
5779at3041	0	32.1763370611	215
1952at3041	0	48.1286037612	291
5060at3041	0	20.8674387504	170
5076at3041	0	72.0958356898	287
1959at3041	0	31.9371406419	224
4800at3041	0	16.0	160.0
230at3041	0	229.131539732	722
4899at3041	0	54.5512428386	290
8114at3041	0	87.3662557133	254
10744at3041	0	22.2345143049	109
4514at3041	0	26.7353876422	158
10157at3041	0	37.6371144079	169
6896at3041	0	44.0413225873	220
7448at3041	0	16.4	164.0
3408at3041	0	36.7	367.0
9077at3041	0	12.6649121592	79
10650at3041	0	24.2247413864	132
6018at3041	0	16.6	166.0
4376at3041	0	33.6050918434	181
9637at3041	0	13.7398447347	121
11622at3041	0	52.7624262745	147
3950at3041	0	45.2053515585	246
1804at3041	0	36.7	367.0
5835at3041	0	36.5074883181	200
9423at3041	0	20.0138047595	125
8920at3041	0	12.3	123.0
4156at3041	0	157.272997788	286
5662at3041	0	15.2	152.0
619at3041	0	86.8645497312	449
4257at3041	0	54.5372742784	338
1242at3041	0	31.8559256654	308
3152at3041	0	48.401747558	266
2054at3041	0	133.249390243	720
9277at3041	0	7.9	79.0
11770at3041	0	25.2961624231	167
9123at3041	0	15.0136445878	77
2182at3041	0	83.3662975095	394
8542at3041	0	18.8067870221	118
7470at3041	0	19.2	192.0
4825at3041	0	20.8308379458	160
6785at3041	0	68.8934995897	280
11739at3041	0	11.4	114.0
8151at3041	0	15.8585782936	104
1848at3041	0	84.2715565188	302
5458at3041	0	31.6920074046	245
5179at3041	0	27.3395318175	247
594at3041	0	123.3558538	510
7114at3041	0	24.6203675846	190
5278at3041	0	25.0908824267	220
6330at3041	0	32.5779707137	174
776at3041	0	353.848178367	874
1032at3041	0	139.038466757	434
10482at3041	0	9.17743290497	90
5057at3041	0	16.2	162.0
4511at3041	0	26.8498913716	177
5270at3041	0	18.0	180.0
9846at3041	0	47.7632094381	154
8373at3041	0	12.0917130221	87
10491at3041	0	12.5850440338	111
5988at3041	0	16.2	162.0
4374at3041	0	19.9756995229	197
8331at3041	0	16.8	168.0
3870at3041	0	34.7284705489	247
7087at3041	0	198.628254116	362
3019at3041	0	123.441599841	341
4417at3041	0	90.7842549806	305
4310at3041	0	26.8	268.0
10111at3041	0	20.6909803215	123
3454at3041	0	62.3355168958	304
10837at3041	0	10.2	102.0
11191at3041	0	195.766681043	376
2932at3041	0	27.4	274.0
1621at3041	0	61.9762450061	304
5230at3041	0	16.9	169.0
4734at3041	0	20.3132756262	172
1366at3041	0	92.8253352116	375
5551at3041	0	15.9	159.0
8645at3041	0	8.7	87.0
3820at3041	0	164.049065323	409
8644at3041	0	11.4	114.0
10788at3041	0	9.891314131	81
4065at3041	0	36.3235460824	189
5874at3041	0	42.827123415	260
6190at3041	0	67.2343848042	263
2688at3041	0	29.971414953	288
5267at3041	0	49.5104606552	263
126at3041	0	171.615517114	705
8231at3041	0	26.6720827833	188
11322at3041	0	10.0	100.0
3629at3041	0	58.3288093484	218
4188at3041	0	24.4	244.0
11073at3041	0	100.85742303	362
8862at3041	0	41.0186949248	189
6001at3041	0	34.6	346.0
2268at3041	0	183.942189741	549
8991at3041	0	47.7493019146	174
10684at3041	0	12.5	125.0
6490at3041	0	18.2	182.0
8675at3041	0	15.5	155.0
307at3041	0	217.523399124	618
5599at3041	0	106.589848641	218
7269at3041	0	16.8	168.0
1211at3041	0	34.4	344.0
5479at3041	0	14.5	145.0
8448at3041	0	50.0239525961	289
2380at3041	0	26.7	267.0
8727at3041	0	15.5429512427	93
6909at3041	0	22.6741409246	165
6146at3041	0	24.218450267	179
2969at3041	0	50.4234981598	235
1535at3041	0	26.7094708546	266
9749at3041	0	26.9762240995	174
5387at3041	0	17.3	173.0
6622at3041	0	33.7629909878	260
9034at3041	0	11.2	112.0
9158at3041	0	10.3	103.0
8074at3041	0	12.1	121.0
6525at3041	0	29.215292799	204
4259at3041	0	30.6	306.0
3893at3041	0	386.885961561	1169
6565at3041	0	31.2769883461	140
3028at3041	0	24.4182308941	224
5094at3041	0	14.9	149.0
8843at3041	0	23.0399795864	141
3537at3041	0	49.7480317869	215
5236at3041	0	99.6967930751	252
2863at3041	0	43.7107442932	260
1985at3041	0	53.3479146734	311
763at3041	0	166.566453205	528
7059at3041	0	17.4068951855	127
2130at3041	0	28.6	286.0
2671at3041	0	85.4264030009	405
6207at3041	0	18.6	186.0
8395at3041	0	11.5	115.0
2069at3041	0	93.7101026215	326
345at3041	0	57.0	570.0
4506at3041	0	114.094488828	398
8502at3041	0	30.5218500968	181
3687at3041	0	38.449100553	286
7661at3041	0	14.9	149.0
6689at3041	0	44.2455270809	189
5366at3041	0	15.0	150.0
4633at3041	0	73.3681069735	219
4520at3041	0	32.2459299757	212
7763at3041	0	23.9533400594	128
1816at3041	0	26.3	263.0
2583at3041	0	70.7111495216	352
8859at3041	0	48.6792597486	213
1825at3041	0	82.5958029604	341
3438at3041	0	32.9	329.0
2599at3041	0	339.447935771	545
10566at3041	0	6.7	67.0
1576at3041	0	43.8286707642	325
4855at3041	0	16.4	164.0
5075at3041	0	15.5	155.0
1729at3041	0	102.76897635	443
4109at3041	0	36.5823272451	216
6505at3041	0	17.6	176.0
8977at3041	0	17.6	176.0
10373at3041	0	8.0	80.0
7392at3041	0	39.2826145963	174
1772at3041	0	45.5521678957	342
12183at3041	0	10.2988316845	63
2505at3041	0	48.7	487.0
1922at3041	0	36.2396783335	310
4262at3041	0	25.1	251.0
4824at3041	0	46.8977167177	271
8384at3041	0	28.6727014689	140
7879at3041	0	10.8	108.0
812at3041	0	47.3004140221	411
7902at3041	0	80.8169595591	374
5420at3041	0	38.4035827083	269
3217at3041	0	64.1102890858	336
4295at3041	0	16.5	165.0
8173at3041	0	14.2	142.0
11445at3041	0	6.6	66.0
4962at3041	0	23.5	235.0
5963at3041	0	35.9871772035	270
10182at3041	0	31.7573215578	161
9426at3041	0	21.0943458911	132
10181at3041	0	12.2	122.0
6422at3041	0	21.6948534604	192
2338at3041	0	79.0086229471	391
7020at3041	0	34.960930575	225
4599at3041	0	22.7	227.0
211at3041	0	222.068898843	716
7378at3041	0	11.1	111.0
3240at3041	0	45.7390697326	337
8690at3041	0	8.2	82.0
1434at3041	0	45.343923833	336
8836at3041	0	34.1171999633	153
2936at3041	0	23.3	233.0
5095at3041	0	32.6567374366	227
4143at3041	0	58.7414026131	298
8021at3041	0	27.3941519387	200
142at3041	0	180.831367117	837
4533at3041	0	20.5126602558	162
6593at3041	0	21.3336309503	208
11866at3041	0	29.9784721293	252
3062at3041	0	15.3	153.0
10724at3041	0	11.3883817154	79
769at3041	0	60.4929747987	485
6989at3041	0	29.9354165942	188
890at3041	0	38.8	388.0
2057at3041	0	43.0375320699	244
4081at3041	0	18.1	181.0
6156at3041	0	22.4527016086	175
7025at3041	0	132.987337247	555
2318at3041	0	25.8	258.0
766at3041	0	97.8208761437	413
3998at3041	0	53.5705347911	276
11337at3041	0	19.9730771171	90
7993at3041	0	13.8	138.0
7070at3041	0	20.8	208.0
6407at3041	0	24.7	247.0
5706at3041	0	60.0969058708	198
1142at3041	0	92.8966944155	282
3009at3041	0	50.1357739876	342
7014at3041	0	15.3245117162	145
4924at3041	0	41.6379234192	254
1737at3041	0	33.8	338.0
3239at3041	0	63.2191953972	298
6681at3041	0	37.9507905056	209
2463at3041	0	37.1	371.0
1863at3041	0	71.2820020028	351
1610at3041	0	77.5995827186	334
2544at3041	0	33.4	334.0
6885at3041	0	63.9720921295	209
534at3041	0	101.396067478	440
900at3041	0	100.466225668	422
9991at3041	0	37.5610857782	236
3029at3041	0	92.388310949	275
4204at3041	0	18.164692234	172
2855at3041	0	33.7453293471	332
2233at3041	0	57.361390906	215
8420at3041	0	56.8571308926	165
3080at3041	0	29.7934279942	284
8592at3041	0	27.9480811165	208
10668at3041	0	11.3	113.0
226at3041	0	162.722580164	751
4778at3041	0	41.7538136268	227
8377at3041	0	10.6	106.0
2724at3041	0	104.069027573	300
4873at3041	0	46.8157736951	173
10334at3041	0	19.9092722338	98
7823at3041	0	24.8649686641	173
11870at3041	0	15.4	154.0
2068at3041	0	141.322547741	445
7977at3041	0	18.4072966899	117
799at3041	0	167.125102842	540
3254at3041	0	41.3	413.0
5785at3041	0	73.5189034648	296
1601at3041	0	57.4462067213	278
9331at3041	0	17.6	176.0
6282at3041	0	46.9967577402	310
6643at3041	0	13.2225249039	132
7564at3041	0	90.8537285971	267
4937at3041	0	137.138129879	523
1187at3041	0	114.963638144	468
9622at3041	0	44.8140138052	209
2521at3041	0	91.0203045113	399
8309at3041	0	14.7	147.0
415at3041	0	117.198987044	380
8406at3041	0	14.4	144.0
5430at3041	0	22.8119120929	160
7785at3041	0	12.9	129.0
7030at3041	0	23.9958329716	133
8130at3041	0	35.259986765	203
3721at3041	0	17.4	174.0
3123at3041	0	143.380545934	328
5129at3041	0	26.5907252001	181
2467at3041	0	155.898868318	514
7519at3041	0	27.5474615412	166
3396at3041	0	35.133080328	218
6621at3041	0	14.1	141.0
7334at3041	0	17.9	179.0
5994at3041	0	14.8	148.0
10873at3041	0	15.7727915215	103
6017at3041	0	12.9	129.0
7168at3041	0	17.8991374339	118
222at3041	0	231.229431518	732
11836at3041	0	13.7505244655	101
9417at3041	0	17.7096546587	173
5786at3041	0	13.4	134.0
12893at3041	0	10.1572796393	82
6072at3041	0	17.4	174.0
11308at3041	0	10.3206911913	87
5703at3041	0	23.8501272833	190
1301at3041	0	47.2	472.0
5224at3041	0	50.673540357	224
10273at3041	0	9.5	95.0
1770at3041	0	181.021887653	452
1477at3041	0	54.7691747245	299
3692at3041	0	24.6393027112	240
2990at3041	0	25.3514346358	247
3151at3041	0	68.9946857857	250
9073at3041	0	14.0571179159	119
3509at3041	0	39.2020407632	186
7956at3041	0	18.129691511	147
767at3041	0	218.298791797	678
5701at3041	0	34.3520984318	165
8720at3041	0	29.4775136252	171
8000at3041	0	8.9	89.0
231at3041	0	85.9418165583	564
1738at3041	0	35.3	353.0
4200at3041	0	39.1387032902	253
6479at3041	0	19.0	190.0
4956at3041	0	27.7121363305	212
1194at3041	0	40.2	402.0
263at3041	0	222.116148295	669
10156at3041	0	10.0	100.0
1350at3041	0	165.59713018	534
5338at3041	0	40.2198718948	208
2400at3041	0	138.089282712	433
8904at3041	0	12.9	129.0
3145at3041	0	16.8700918788	152
2976at3041	0	150.037836498	379
52at3041	0	350.588987413	1261
3119at3041	0	83.2886546896	435
4847at3041	0	61.656575751	225
815at3041	0	100.456576736	539
4627at3041	0	19.3	193.0
6521at3041	0	48.5842481332	226
4080at3041	0	21.3235840818	200
3178at3041	0	24.9	249.0
1761at3041	0	32.2	322.0
6734at3041	0	27.0091695188	250
4446at3041	0	15.6	156.0
8451at3041	0	11.8	118.0
7738at3041	0	25.7	257.0
3613at3041	0	59.6003006145	233
10948at3041	0	24.784403698	122
8811at3041	0	15.1745400809	103
4290at3041	0	16.2	162.0
7672at3041	0	86.9903682934	319
4686at3041	0	100.240045225	361
810at3041	0	39.6	396.0
117at3041	0	1513.19870776	2512
4146at3041	0	48.8606436716	234
9452at3041	0	10.4935354249	92
8465at3041	0	14.4066783456	106
9586at3041	0	12.3	123.0
8260at3041	0	54.4701248897	215
366at3041	0	88.3718469499	434
6375at3041	0	19.9422242414	148
8408at3041	0	9.2	92.0
1739at3041	0	34.2	342.0
4553at3041	0	16.6	166.0
11545at3041	0	25.7262141645	118
3188at3041	0	207.384709134	640
9788at3041	0	10.7	107.0
4822at3041	0	18.2	182.0
9298at3041	0	25.7029737023	160
1628at3041	0	101.820921229	428
9901at3041	0	50.2237908433	205
7398at3041	0	44.672838504	143
5547at3041	0	120.004999896	386
4410at3041	0	23.8910224223	176
4074at3041	0	27.695968419	171
8229at3041	0	19.2093727123	128
5304at3041	0	22.0	220.0
1128at3041	0	116.696921247	366
3096at3041	0	41.6016254261	268
2020at3041	0	90.9596980353	285
3222at3041	0	209.343487678	430
8415at3041	0	26.5932322218	127
13052at3041	0	79.522383791	221
9101at3041	0	32.6554608125	145
7461at3041	0	15.2599694189	126
6880at3041	0	23.0953638926	137
6181at3041	0	33.736796359	219
1143at3041	0	40.1	401.0
11457at3041	0	13.242455866	88
599at3041	0	75.3713347052	395
1570at3041	0	121.886012323	561
187at3041	0	70.8763006935	683
8318at3041	0	11.6	116.0
2002at3041	0	97.0204691216	382
2892at3041	0	142.814798486	359
10459at3041	0	36.6955378759	172
9470at3041	0	11.7	117.0
9169at3041	0	106.984439661	390
1800at3041	0	172.472219985	506
7224at3041	0	58.5047006658	212
2721at3041	0	44.5181610881	229
9958at3041	0	15.4	154.0
9651at3041	0	12.4008448253	67
2945at3041	0	24.0	240.0
417at3041	0	172.611896075	616
9170at3041	0	35.8514180448	153
1998at3041	0	31.7	317.0
7922at3041	0	13.0	130.0
7353at3041	0	10.8	108.0
3061at3041	0	67.8971911895	308
4294at3041	0	24.8	248.0
3802at3041	0	29.3	293.0
7053at3041	0	14.1	141.0
5053at3041	0	27.8682273429	176
443at3041	0	192.649428231	451
4708at3041	0	23.0	230.0
4016at3041	0	47.4058716476	339
8526at3041	0	24.0005952307	171
1709at3041	0	76.3875807969	315
406at3041	0	56.0	560.0
7129at3041	0	59.5698119856	280
617at3041	0	75.3440718747	464
8275at3041	0	20.3	203.0
6850at3041	0	20.9	209.0
3854at3041	0	74.6510772416	321
4194at3041	0	102.036268062	287
10044at3041	0	10.3	103.0
3350at3041	0	40.7753499883	352
3955at3041	0	26.1	261.0
3106at3041	0	24.5	245.0
1590at3041	0	83.6073042185	489
832at3041	0	64.9376303335	380
894at3041	0	67.8780462791	388
3181at3041	0	31.8527863773	253
2930at3041	0	222.590163647	493
4160at3041	0	56.3039371033	329
9421at3041	0	18.5117723162	126
1149at3041	0	50.9708600225	407
2576at3041	0	73.5428608429	381
5301at3041	0	37.6085096753	217
4253at3041	0	53.1250098039	259
2281at3041	0	43.2203655699	268
1720at3041	0	70.1315133636	325
3711at3041	0	45.8470941713	226
8925at3041	0	11.1160215035	109
9021at3041	0	17.6	176.0
5496at3041	0	83.3214086706	321
2687at3041	0	52.3048754898	210
7397at3041	0	44.4409720866	230
3120at3041	0	68.4274381057	271
7853at3041	0	17.2	172.0
4997at3041	0	17.9	179.0
2243at3041	0	75.1148327246	260
3618at3041	0	20.0	200.0
175at3041	0	232.690208933	626
11326at3041	0	5.73730482602	57
5231at3041	0	78.9142322015	273
3988at3041	0	52.7920053922	222
2749at3041	0	24.7	247.0
7051at3041	0	58.932730012	280
8997at3041	0	26.1361021067	149
681at3041	0	63.4220181085	375
9051at3041	0	21.3467963471	121
1967at3041	0	39.8	398.0
8987at3041	0	20.3567146989	107
4519at3041	0	20.4	204.0
872at3041	0	129.001534229	409
10012at3041	0	8.3	83.0
7058at3041	0	17.0	170.0
9005at3041	0	57.5048652186	186
9185at3041	0	24.2859566892	144
12513at3041	0	11.6	116.0
3678at3041	0	26.1826119145	208
1600at3041	0	125.661914145	444
8898at3041	0	15.8705269721	96
1974at3041	0	28.7	287.0
639at3041	0	128.20437785	474
346at3041	0	358.917794674	888
6261at3041	0	23.5	235.0
1133at3041	0	164.921395418	607
427at3041	0	131.224489584	493
7063at3041	0	59.1672417812	210
1691at3041	0	33.6	336.0
11071at3041	0	9.0	90.0
714at3041	0	286.305897017	685
561at3041	0	132.902148035	431
878at3041	0	85.8413264887	433
5822at3041	0	15.0	150.0
2370at3041	0	39.2330111853	283
5280at3041	0	28.6976023555	214
3621at3041	0	19.9	199.0
2843at3041	0	102.362558617	302
6717at3041	0	17.7909152847	124
879at3041	0	65.0477480303	415
3903at3041	0	30.8690961789	239
7394at3041	0	206.495842493	558
4427at3041	0	26.3229146056	207
3835at3041	0	37.0297177953	204
5796at3041	0	14.8	148.0
3994at3041	0	151.711554713	344
416at3041	0	97.8786451003	353
6589at3041	0	17.6	176.0
8937at3041	0	10.0	100.0
11482at3041	0	44.4747119159	209
6198at3041	0	12.9536031024	123
9946at3041	0	16.6	166.0
9903at3041	0	13.2	132.0
7319at3041	0	11.8	118.0
6491at3041	0	32.2938977724	245
5950at3041	0	54.350367984	212
207at3041	0	184.582230997	614
5364at3041	0	17.1289229083	165
4864at3041	0	24.1556460914	199
3774at3041	0	114.592611746	311
5047at3041	0	14.8	148.0
4566at3041	0	23.2528544075	172
3304at3041	0	33.9857200404	161
4604at3041	0	50.0155214004	340
3697at3041	0	42.1864413447	212
5744at3041	0	26.8842425967	209
3179at3041	0	23.7	237.0
3706at3041	0	51.4266004913	318
1684at3041	0	122.92487059	412
7248at3041	0	25.9792957858	158
7963at3041	0	18.1	181.0
6355at3041	0	27.2	272.0
2520at3041	0	252.576061151	470
8010at3041	0	15.1853822255	121
4728at3041	0	30.7338807926	212
7132at3041	0	11.4	114.0
4255at3041	0	94.1889722844	314
10946at3041	0	8.3	83.0
4302at3041	0	24.5	245.0
10951at3041	0	9.0	90.0
3375at3041	0	51.3210483135	251
3323at3041	0	22.2	222.0
7577at3041	0	266.539374381	506
522at3041	0	182.266921764	608
5393at3041	0	62.1967809492	218
6504at3041	0	35.7427315288	150
2664at3041	0	55.2592375385	252
9168at3041	0	32.3324081284	189
2954at3041	0	24.2	242.0
5317at3041	0	54.4927155128	313
8379at3041	0	96.7400788564	335
3005at3041	0	24.3	243.0
6847at3041	0	33.4522047106	185
7686at3041	0	16.2	162.0
10034at3041	0	42.1373039118	252
3892at3041	0	26.5772907	205
8449at3041	0	16.7	167.0
5027at3041	0	22.5540863966	175
8208at3041	0	18.6606479046	182
9985at3041	0	20.5894101305	107
11113at3041	0	5.7	57.0
6086at3041	0	20.2	202.0
8052at3041	0	13.9	139.0
3914at3041	0	20.1971237933	184
8844at3041	0	35.1731197315	241
3885at3041	0	49.5640999111	223
782at3041	0	102.196685367	378
4945at3041	0	42.7498816484	227
11048at3041	0	10.4	104.0
721at3041	0	38.7	387.0
10141at3041	0	32.2391475905	279
433at3041	0	89.0832676288	528
1479at3041	0	30.7416655372	254
6682at3041	0	21.7	217.0
11803at3041	0	8.67673407946	65
10730at3041	0	40.8467519254	134
5794at3041	0	23.9	239.0
5555at3041	0	46.9915899264	254
992at3041	0	35.5	355.0
3411at3041	0	239.27505591	556
6570at3041	0	18.1	181.0
5285at3041	0	23.6122523606	211
2181at3041	0	84.3501771246	280
3173at3041	0	20.1	201.0
8218at3041	0	27.5705156523	160
2528at3041	0	60.5356300042	282
3261at3041	0	40.1939346289	229
5543at3041	0	25.1	251.0
5839at3041	0	15.5	155.0
10197at3041	0	8.7	87.0
1080at3041	0	44.9	449.0
1511at3041	0	60.2106026101	405
5240at3041	0	24.2	242.0
818at3041	0	66.4103091897	381
8117at3041	0	15.0	150.0
4703at3041	0	18.2	182.0
11842at3041	0	4.9	49.0
4580at3041	0	23.3210983098	199
652at3041	0	142.755150405	531
2959at3041	0	155.929671647	526
6211at3041	0	64.9096808394	188
919at3041	0	41.6	416.0
8494at3041	0	19.0	190.0
5005at3041	0	19.0	190.0
10118at3041	0	11.3557201864	83
4558at3041	0	56.3310157314	239
3333at3041	0	44.4147122772	296
11933at3041	0	100.743096183	254
10517at3041	0	10.1	101.0
6710at3041	0	14.6	146.0
7331at3041	0	12.0	120.0
727at3041	0	216.511629513	679
5766at3041	0	75.2186020559	284
2109at3041	0	123.385240537	484
7769at3041	0	33.5624725019	205
3840at3041	0	230.995659062	570
137at3041	0	189.418609233	849
4312at3041	0	23.0471327863	148
3974at3041	0	44.188233728	236
1029at3041	0	74.8137409393	322
11659at3041	0	25.2987859675	167
1084at3041	0	28.1	281.0
761at3041	0	174.244655585	440
884at3041	0	123.966607521	381
144at3041	0	220.464056027	917
1820at3041	0	33.5	335.0
5788at3041	0	35.3885911128	195
91at3041	0	215.782568032	722
5213at3041	0	47.6569337383	203
7265at3041	0	28.2733905888	137
2137at3041	0	139.02108653	398
1267at3041	0	286.84377696	697
6074at3041	0	19.7	197.0
5502at3041	0	21.8	218.0
4567at3041	0	22.5	225.0
5020at3041	0	24.5	245.0
1116at3041	0	141.757995071	459
8826at3041	0	18.3	183.0
3758at3041	0	38.9092962328	214
4763at3041	0	88.2665792415	400
10409at3041	0	20.3696786799	95
4083at3041	0	20.4	204.0
3867at3041	0	114.393746187	324
8810at3041	0	8.9	89.0
8500at3041	0	9.8	98.0
7804at3041	0	81.2260221029	309
7274at3041	0	18.2537667346	176
5305at3041	0	20.6	206.0
10167at3041	0	26.3435182233	217
118at3041	0	1272.37693413	1854
2267at3041	0	110.155779845	308
7781at3041	0	22.7602540993	128
4050at3041	0	58.6444398871	259
6448at3041	0	74.9731380467	220
11837at3041	0	65.2281288342	237
295at3041	0	71.6573858886	533
2654at3041	0	142.76700453	753
8718at3041	0	13.5365466511	132
10293at3041	0	14.4946829332	97
2088at3041	0	55.1826890126	314
7716at3041	0	9.4	94.0
1459at3041	0	73.6893737897	368
6506at3041	0	19.1	191.0
9197at3041	0	12.3	123.0
9261at3041	0	18.1338935488	142
1880at3041	0	33.8	338.0
570at3041	0	266.791643333	658
7776at3041	0	17.9	179.0
1256at3041	0	56.9391122165	331
8793at3041	0	23.2263320393	156
3306at3041	0	38.5	385.0
7128at3041	0	14.5	145.0
5422at3041	0	31.5	315.0
5906at3041	0	16.61267445	115
6516at3041	0	15.6480873388	149
643at3041	0	177.246930464	502
2051at3041	0	29.6	296.0
8190at3041	0	55.9704854195	240
6113at3041	0	18.7	187.0
1348at3041	0	73.2183947744	366
12851at3041	0	5.3	53.0
6891at3041	0	13.7	137.0
2112at3041	0	28.0093521797	248
6851at3041	0	15.7069663274	122
2367at3041	0	110.703507924	528
5423at3041	0	42.7616059691	288
4058at3041	0	44.3426344591	249
10205at3041	0	35.6706578764	176
2722at3041	0	89.7022588238	356
3291at3041	0	24.8139745574	210
3398at3041	0	39.1943873533	388
8073at3041	0	32.519140602	133
1899at3041	0	144.072832111	361
4972at3041	0	58.2852496749	312
897at3041	0	112.764577772	432
1304at3041	0	101.040895186	454
9999at3041	0	10.2	102.0
9281at3041	0	15.8	158.0
5429at3041	0	19.6	196.0
768at3041	0	107.602276928	399
7294at3041	0	12.0	120.0
9109at3041	0	11.2	112.0
9812at3041	0	12.4	124.0
10319at3041	0	15.7020681776	123
8100at3041	0	42.266959121	186
2134at3041	0	31.4730421306	260
4300at3041	0	53.6992540927	262
4012at3041	0	19.3248544626	164
1475at3041	0	78.193411	386
1917at3041	0	46.3137398619	372
6111at3041	0	17.9	179.0
1148at3041	0	34.5	345.0
10175at3041	0	65.2297770157	253
179at3041	0	93.2853820274	607
633at3041	0	81.7000356997	411
4072at3041	0	18.6	186.0
1071at3041	0	72.1673979948	365
5533at3041	0	20.5206052078	151
6345at3041	0	23.5	235.0
11703at3041	0	34.6093849094	86
1569at3041	0	37.293431057	328
2042at3041	0	87.4480560104	352
8310at3041	0	17.0254711144	141
10790at3041	0	17.2866587699	106
6225at3041	0	20.0985666393	184
3112at3041	0	85.4737283717	263
4619at3041	0	153.414781681	432
1139at3041	0	156.662232031	578
3380at3041	0	147.123969835	362
7568at3041	0	22.2693468589	143
1842at3041	0	79.3099405287	345
6649at3041	0	20.5	205.0
885at3041	0	126.868944847	463
3624at3041	0	22.2	222.0
6065at3041	0	23.4271032496	178
1229at3041	0	112.156735568	401
7423at3041	0	29.7118803399	137
2490at3041	0	26.7	267.0
3373at3041	0	73.317545649	309
4813at3041	0	36.4626358006	218
7357at3041	0	19.9274784056	147
1072at3041	0	37.5	375.0
99at3041	0	114.034771744	852
7955at3041	0	13.6538848475	135
2390at3041	0	92.50009009	333
7064at3041	0	79.2436267529	269
2202at3041	0	76.9064366617	268
5107at3041	0	17.6	176.0
4758at3041	0	40.8491125975	194
2426at3041	0	55.0063199832	245
3216at3041	0	23.1	231.0
42at3041	0	124.200741446	1099
988at3041	0	74.0803336476	369
3338at3041	0	34.9217577832	230
4971at3041	0	24.6325496041	195
4063at3041	0	20.3	203.0
1596at3041	0	35.5518400836	333
1103at3041	0	39.1	391.0
8372at3041	0	10.0	100.0
10965at3041	0	20.8616759588	92
4958at3041	0	22.7	227.0
235at3041	0	357.274771709	683
3020at3041	0	111.046818204	385
10418at3041	0	20.3649003599	148
6013at3041	0	49.6602744368	242
3869at3041	0	65.8872052035	320
3277at3041	0	74.1535087312	294
4055at3041	0	55.7440579793	251
9516at3041	0	35.0926664432	174
12450at3041	0	30.8288433519	114
2919at3041	0	156.143403639	427
3864at3041	0	35.5545188341	185
1027at3041	0	171.971654641	469
2694at3041	0	45.1139298517	238
930at3041	0	191.796767439	462
11053at3041	0	6.46248684824	56
1094at3041	0	141.660612616	498
743at3041	0	126.646423821	503
7266at3041	0	15.0244245591	142
6952at3041	0	22.8	228.0
7254at3041	0	34.7391641208	168
8206at3041	0	24.5217104973	168
2940at3041	0	24.7	247.0
8191at3041	0	52.8311382299	258
6347at3041	0	39.1912283675	197
3514at3041	0	39.8743217931	251
1271at3041	0	68.6517783212	331
963at3041	0	102.674160982	320
1195at3041	0	98.7109416428	413
6123at3041	0	20.7	207.0
1529at3041	0	99.3765326327	363
4152at3041	0	25.3109236723	248
8863at3041	0	10.5	105.0
1532at3041	0	37.1	371.0
635at3041	0	198.902273204	500
1176at3041	0	78.287477713	351
5588at3041	0	14.5	145.0
10929at3041	0	21.0837332919	117
6454at3041	0	29.2810681564	172
6561at3041	0	52.2370968347	292
2983at3041	0	24.8	248.0
2366at3041	0	32.0	320.0
2101at3041	0	35.1	351.0
9927at3041	0	8.6	86.0
4697at3041	0	19.1	191.0
6625at3041	0	18.380113477	138
8714at3041	0	10.2	102.0
6476at3041	0	20.1	201.0
9210at3041	0	16.415149797	135
926at3041	0	173.815528924	516
10679at3041	0	61.2181890182	367
1462at3041	0	78.9281562318	492
9042at3041	0	27.3412299859	120
830at3041	0	34.6	346.0
1170at3041	0	56.0926317205	354
3370at3041	0	27.7	277.0
3709at3041	0	22.4995370323	200
4606at3041	0	33.3102300888	223
5512at3041	0	22.4	224.0
11776at3041	0	21.8300797285	132
4088at3041	0	21.0	210.0
412at3041	0	82.0528031209	467
1257at3041	0	154.009509988	494
1872at3041	0	74.8571973828	242
4101at3041	0	81.0241733476	288
5845at3041	0	61.5708650952	220
6836at3041	0	13.4	134.0
3050at3041	0	76.9102290553	304
7055at3041	0	50.0068127227	268
6813at3041	0	16.7172565532	161
7072at3041	0	67.6548840316	193
12685at3041	0	5.1	51.0
477at3041	0	163.560793998	428
1316at3041	0	39.50413805	331
8620at3041	0	42.2776536719	208
1584at3041	0	135.371818214	512
6991at3041	0	139.795667213	408
1627at3041	0	108.933006935	365
4322at3041	0	61.5465948151	242
246at3041	0	211.852218539	761
11221at3041	0	7.4	74.0
11693at3041	0	44.6453751671	159
9580at3041	0	10.9051857812	82
4122at3041	0	48.4543968225	230
3428at3041	0	24.9556272879	178
4147at3041	0	24.9	249.0
2547at3041	0	52.3759304952	306
1574at3041	0	82.4457197391	333
2470at3041	0	67.7061578405	270
1808at3041	0	30.8	308.0
12103at3041	0	9.1	91.0
11052at3041	0	17.1662843586	89
6930at3041	0	21.4	214.0
10960at3041	0	12.4663356208	104
5644at3041	0	24.2	242.0
6144at3041	0	15.9	159.0
7744at3041	0	25.109664237	147
5680at3041	0	61.5574867569	240
9476at3041	0	17.2433562085	128
1541at3041	0	197.275938303	424
7648at3041	0	26.5091179282	171
2496at3041	0	32.1086047657	210
2423at3041	0	46.8271390583	297
12535at3041	0	6.5	65.0
2104at3041	0	101.053925373	358
7428at3041	0	15.9415599404	149
7512at3041	0	21.7106513249	125
9180at3041	0	12.6	126.0
7288at3041	0	10.3586774157	99
6897at3041	0	17.3943237868	113
6773at3041	0	39.7467947426	176
863at3041	0	106.624765694	680
1364at3041	0	85.8725522975	318
891at3041	0	36.7	367.0
1385at3041	0	49.0638614461	406
1090at3041	0	65.3520138503	339
6653at3041	0	15.1	151.0
9508at3041	0	8.7	87.0
11518at3041	0	15.2654173553	89
1418at3041	0	109.192795855	425
9759at3041	0	19.3368065593	101
5681at3041	0	26.2576179422	222
11371at3041	0	6.9	69.0
388at3041	0	154.593660931	564
10618at3041	0	44.8550044986	175
9693at3041	0	10.7	107.0
4605at3041	0	33.2090062368	254
125at3041	0	230.145162524	922
11632at3041	0	8.74833317457	65
4134at3041	0	37.5964693222	330
